################################################
# ITK-SnAP Label Description File (CTSpinoPelvic1K v4, VerSe-native)
# IDX -R- -G- -B- -A-- VIS MSH  LABEL
################################################
    0    0    0    0  0.00  0  0    "Clear Label"
    1  242   84   84  1.00  1  1    "C1"
    2  242   97   84  1.00  1  1    "C2"
    3  242  110   84  1.00  1  1    "C3"
    4  242  123   84  1.00  1  1    "C4"
    5  242  135   84  1.00  1  1    "C5"
    6  242  148   84  1.00  1  1    "C6"
    7  242  161   84  1.00  1  1    "C7"
    8  242  174   84  1.00  1  1    "T1"
    9  242  186   84  1.00  1  1    "T2"
   10  242  199   84  1.00  1  1    "T3"
   11  242  212   84  1.00  1  1    "T4"
   12  242  225   84  1.00  1  1    "T5"
   13  242  237   84  1.00  1  1    "T6"
   14  233  242   84  1.00  1  1    "T7"
   15  220  242   84  1.00  1  1    "T8"
   16  208  242   84  1.00  1  1    "T9"
   17  195  242   84  1.00  1  1    "T10"
   18  182  242   84  1.00  1  1    "T11"
   19  169  242   84  1.00  1  1    "T12"
   20  157  242   84  1.00  1  1    "L1"
   21  144  242   84  1.00  1  1    "L2"
   22  131  242   84  1.00  1  1    "L3"
   23  118  242   84  1.00  1  1    "L4"
   24  106  242   84  1.00  1  1    "L5"
   25   93  242   84  1.00  1  1    "L6"
   26   84  242   89  1.00  1  1    "sacrum"
   27   84  242  101  1.00  1  1    "coccyx"
   28   84  242  114  1.00  1  1    "T13"
   29   84  242  127  1.00  1  1    "S1"
   30   84  242  140  1.00  1  1    "left_hip"
   31   84  242  152  1.00  1  1    "right_hip"
   32   84  242  165  1.00  1  1    "femur_left"
   33   84  242  178  1.00  1  1    "femur_right"
   34   84  242  191  1.00  1  1    "rib_left_1"
   35   84  242  203  1.00  1  1    "rib_left_2"
   36   84  242  216  1.00  1  1    "rib_left_3"
   37   84  242  229  1.00  1  1    "rib_left_4"
   38   84  242  242  1.00  1  1    "rib_left_5"
   39   84  229  242  1.00  1  1    "rib_left_6"
   40   84  216  242  1.00  1  1    "rib_left_7"
   41   84  203  242  1.00  1  1    "rib_left_8"
   42   84  191  242  1.00  1  1    "rib_left_9"
   43   84  178  242  1.00  1  1    "rib_left_10"
   44   84  165  242  1.00  1  1    "rib_left_11"
   45   84  152  242  1.00  1  1    "rib_left_12"
   46   84  140  242  1.00  1  1    "rib_right_1"
   47   84  127  242  1.00  1  1    "rib_right_2"
   48   84  114  242  1.00  1  1    "rib_right_3"
   49   84  101  242  1.00  1  1    "rib_right_4"
   50   84   89  242  1.00  1  1    "rib_right_5"
   51   93   84  242  1.00  1  1    "rib_right_6"
   52  106   84  242  1.00  1  1    "rib_right_7"
   53  118   84  242  1.00  1  1    "rib_right_8"
   54  131   84  242  1.00  1  1    "rib_right_9"
   55  144   84  242  1.00  1  1    "rib_right_10"
   56  157   84  242  1.00  1  1    "rib_right_11"
   57  169   84  242  1.00  1  1    "rib_right_12"
   58  182   84  242  1.00  1  1    "iliolumbar_left"
   59  195   84  242  1.00  1  1    "iliolumbar_right"
   60  208   84  242  1.00  1  1    "nerve_L4_left"
   61  220   84  242  1.00  1  1    "nerve_L4_right"
   62  233   84  242  1.00  1  1    "nerve_L5_left"
   63  242   84  237  1.00  1  1    "nerve_L5_right"
   64  242   84  225  1.00  1  1    "nerve_S1_left"
   65  242   84  212  1.00  1  1    "nerve_S1_right"
   66  242   84  199  1.00  1  1    "psoas_left"
   67  242   84  186  1.00  1  1    "psoas_right"
   68  242   84  174  1.00  1  1    "aorta"
   69  242   84  161  1.00  1  1    "inferior_vena_cava"
   70  242   84  148  1.00  1  1    "iliac_artery_left"
   71  242   84  135  1.00  1  1    "iliac_artery_right"
   72  242   84  123  1.00  1  1    "iliac_vena_left"
   73  242   84  110  1.00  1  1    "iliac_vena_right"
  255    0    0    0  1.00  1  1    "ignore"
